(kicad_pcb (version 20171130) (host pcbnew "(5.1.5-0-10_14)")

  (general
    (thickness 1.6)
    (drawings 27)
    (tracks 887)
    (zones 0)
    (modules 64)
    (nets 65)
  )

  (page A4)
  (title_block
    (title "Hunter Cat NFC")
    (date 2020-10-06)
    (rev v1.1)
    (company "Electronic Cats")
    (comment 1 "Eduardo Contreras")
  )

  (layers
    (0 F.Cu signal)
    (31 B.Cu signal)
    (32 B.Adhes user)
    (33 F.Adhes user)
    (34 B.Paste user)
    (35 F.Paste user)
    (36 B.SilkS user)
    (37 F.SilkS user)
    (38 B.Mask user)
    (39 F.Mask user)
    (40 Dwgs.User user)
    (41 Cmts.User user)
    (42 Eco1.User user)
    (43 Eco2.User user)
    (44 Edge.Cuts user)
    (45 Margin user)
    (46 B.CrtYd user)
    (47 F.CrtYd user)
    (48 B.Fab user hide)
    (49 F.Fab user hide)
  )

  (setup
    (last_trace_width 0.35)
    (user_trace_width 0.2)
    (user_trace_width 0.25)
    (user_trace_width 0.3)
    (user_trace_width 0.35)
    (user_trace_width 0.5)
    (trace_clearance 0.15)
    (zone_clearance 0.508)
    (zone_45_only no)
    (trace_min 0.2)
    (via_size 0.6)
    (via_drill 0.3)
    (via_min_size 0.4)
    (via_min_drill 0.3)
    (uvia_size 0.3)
    (uvia_drill 0.1)
    (uvias_allowed no)
    (uvia_min_size 0.2)
    (uvia_min_drill 0.1)
    (edge_width 0.05)
    (segment_width 0.2)
    (pcb_text_width 0.3)
    (pcb_text_size 1.5 1.5)
    (mod_edge_width 0.12)
    (mod_text_size 0.7 0.7)
    (mod_text_width 0.12)
    (pad_size 0.65 0.65)
    (pad_drill 0.65)
    (pad_to_mask_clearance 0.051)
    (solder_mask_min_width 0.25)
    (aux_axis_origin 0 0)
    (visible_elements 7FFFFFFF)
    (pcbplotparams
      (layerselection 0x010fc_ffffffff)
      (usegerberextensions true)
      (usegerberattributes false)
      (usegerberadvancedattributes false)
      (creategerberjobfile false)
      (excludeedgelayer true)
      (linewidth 0.100000)
      (plotframeref false)
      (viasonmask false)
      (mode 1)
      (useauxorigin false)
      (hpglpennumber 1)
      (hpglpenspeed 20)
      (hpglpendiameter 15.000000)
      (psnegative false)
      (psa4output false)
      (plotreference true)
      (plotvalue true)
      (plotinvisibletext false)
      (padsonsilk false)
      (subtractmaskfromsilk false)
      (outputformat 1)
      (mirror false)
      (drillshape 0)
      (scaleselection 1)
      (outputdirectory "gerbers_hunterNFC_v1.0/"))
  )

  (net 0 "")
  (net 1 GND)
  (net 2 +3V3)
  (net 3 "Net-(C2-Pad1)")
  (net 4 "Net-(C3-Pad1)")
  (net 5 "Net-(C5-Pad1)")
  (net 6 "Net-(C7-Pad1)")
  (net 7 "Net-(C8-Pad1)")
  (net 8 +BATT)
  (net 9 /RXP)
  (net 10 "Net-(C10-Pad1)")
  (net 11 /RXN)
  (net 12 "Net-(C11-Pad1)")
  (net 13 "Net-(C12-Pad1)")
  (net 14 "Net-(C13-Pad2)")
  (net 15 "Net-(C14-Pad1)")
  (net 16 VBUS)
  (net 17 /LED1)
  (net 18 "Net-(D1-Pad1)")
  (net 19 "Net-(D2-Pad1)")
  (net 20 /LED2)
  (net 21 "Net-(D3-Pad1)")
  (net 22 /LED3)
  (net 23 "Net-(D4-Pad1)")
  (net 24 /ADR1)
  (net 25 /ADR0)
  (net 26 /TX1)
  (net 27 /TX2)
  (net 28 "Net-(L3-Pad1)")
  (net 29 "Net-(L3-Pad2)")
  (net 30 /SDA)
  (net 31 /SCL)
  (net 32 "Net-(P1-PadA5)")
  (net 33 "Net-(P1-PadB5)")
  (net 34 "Net-(R10-Pad1)")
  (net 35 "Net-(R12-Pad1)")
  (net 36 "Net-(R16-Pad2)")
  (net 37 /B_ADC)
  (net 38 /CS)
  (net 39 /SWDIO)
  (net 40 /SWCLK)
  (net 41 "Net-(U1-Pad27)")
  (net 42 /D+)
  (net 43 /D-)
  (net 44 "Net-(U1-Pad22)")
  (net 45 /MISO)
  (net 46 /SCK)
  (net 47 /MOSI)
  (net 48 /CLK)
  (net 49 /IRQ)
  (net 50 "Net-(U1-Pad8)")
  (net 51 "Net-(U1-Pad7)")
  (net 52 "Net-(U1-Pad6)")
  (net 53 /VEN)
  (net 54 "Net-(U4-Pad4)")
  (net 55 "Net-(C4-Pad1)")
  (net 56 "Net-(F1-Pad1)")
  (net 57 /GPIO)
  (net 58 "Net-(C23-Pad1)")
  (net 59 /RST)
  (net 60 "Net-(J2-Pad6)")
  (net 61 "Net-(C18-Pad1)")
  (net 62 /GPIO1)
  (net 63 /GPIO2)
  (net 64 "Net-(U1-Pad5)")

  (net_class Default "Esta es la clase de red por defecto."
    (clearance 0.15)
    (trace_width 0.35)
    (via_dia 0.6)
    (via_drill 0.3)
    (uvia_dia 0.3)
    (uvia_drill 0.1)
    (add_net +3V3)
    (add_net +BATT)
    (add_net /ADR0)
    (add_net /ADR1)
    (add_net /B_ADC)
    (add_net /CLK)
    (add_net /CS)
    (add_net /D+)
    (add_net /D-)
    (add_net /GPIO)
    (add_net /GPIO1)
    (add_net /GPIO2)
    (add_net /IRQ)
    (add_net /LED1)
    (add_net /LED2)
    (add_net /LED3)
    (add_net /MISO)
    (add_net /MOSI)
    (add_net /RST)
    (add_net /RXN)
    (add_net /RXP)
    (add_net /SCK)
    (add_net /SCL)
    (add_net /SDA)
    (add_net /SWCLK)
    (add_net /SWDIO)
    (add_net /TX1)
    (add_net /TX2)
    (add_net /VEN)
    (add_net GND)
    (add_net "Net-(C10-Pad1)")
    (add_net "Net-(C11-Pad1)")
    (add_net "Net-(C12-Pad1)")
    (add_net "Net-(C13-Pad2)")
    (add_net "Net-(C14-Pad1)")
    (add_net "Net-(C18-Pad1)")
    (add_net "Net-(C2-Pad1)")
    (add_net "Net-(C23-Pad1)")
    (add_net "Net-(C3-Pad1)")
    (add_net "Net-(C4-Pad1)")
    (add_net "Net-(C5-Pad1)")
    (add_net "Net-(C7-Pad1)")
    (add_net "Net-(C8-Pad1)")
    (add_net "Net-(D1-Pad1)")
    (add_net "Net-(D2-Pad1)")
    (add_net "Net-(D3-Pad1)")
    (add_net "Net-(D4-Pad1)")
    (add_net "Net-(F1-Pad1)")
    (add_net "Net-(J2-Pad6)")
    (add_net "Net-(L3-Pad1)")
    (add_net "Net-(L3-Pad2)")
    (add_net "Net-(P1-PadA5)")
    (add_net "Net-(P1-PadB5)")
    (add_net "Net-(R10-Pad1)")
    (add_net "Net-(R12-Pad1)")
    (add_net "Net-(R16-Pad2)")
    (add_net "Net-(U1-Pad22)")
    (add_net "Net-(U1-Pad27)")
    (add_net "Net-(U1-Pad5)")
    (add_net "Net-(U1-Pad6)")
    (add_net "Net-(U1-Pad7)")
    (add_net "Net-(U1-Pad8)")
    (add_net "Net-(U4-Pad4)")
    (add_net VBUS)
  )

  (module Package_TO_SOT_SMD:SOT-23 (layer F.Cu) (tedit 5A02FF57) (tstamp 5F7E1492)
    (at 106.09 88.74 90)
    (descr "SOT-23, Standard")
    (tags SOT-23)
    (path /5FE5BD93)
    (attr smd)
    (fp_text reference Q1 (at 0 -2.5 90) (layer F.SilkS)
      (effects (font (size 1 1) (thickness 0.15)))
    )
    (fp_text value DMG3415U-7 (at 0 2.5 90) (layer F.Fab)
      (effects (font (size 1 1) (thickness 0.15)))
    )
    (fp_line (start 0.76 1.58) (end -0.7 1.58) (layer F.SilkS) (width 0.12))
    (fp_line (start 0.76 -1.58) (end -1.4 -1.58) (layer F.SilkS) (width 0.12))
    (fp_line (start -1.7 1.75) (end -1.7 -1.75) (layer F.CrtYd) (width 0.05))
    (fp_line (start 1.7 1.75) (end -1.7 1.75) (layer F.CrtYd) (width 0.05))
    (fp_line (start 1.7 -1.75) (end 1.7 1.75) (layer F.CrtYd) (width 0.05))
    (fp_line (start -1.7 -1.75) (end 1.7 -1.75) (layer F.CrtYd) (width 0.05))
    (fp_line (start 0.76 -1.58) (end 0.76 -0.65) (layer F.SilkS) (width 0.12))
    (fp_line (start 0.76 1.58) (end 0.76 0.65) (layer F.SilkS) (width 0.12))
    (fp_line (start -0.7 1.52) (end 0.7 1.52) (layer F.Fab) (width 0.1))
    (fp_line (start 0.7 -1.52) (end 0.7 1.52) (layer F.Fab) (width 0.1))
    (fp_line (start -0.7 -0.95) (end -0.15 -1.52) (layer F.Fab) (width 0.1))
    (fp_line (start -0.15 -1.52) (end 0.7 -1.52) (layer F.Fab) (width 0.1))
    (fp_line (start -0.7 -0.95) (end -0.7 1.5) (layer F.Fab) (width 0.1))
    (fp_text user %R (at 0 0) (layer F.Fab)
      (effects (font (size 0.5 0.5) (thickness 0.075)))
    )
    (pad 3 smd rect (at 1 0 90) (size 0.9 0.8) (layers F.Cu F.Paste F.Mask)
      (net 8 +BATT))
    (pad 2 smd rect (at -1 0.95 90) (size 0.9 0.8) (layers F.Cu F.Paste F.Mask)
      (net 58 "Net-(C23-Pad1)"))
    (pad 1 smd rect (at -1 -0.95 90) (size 0.9 0.8) (layers F.Cu F.Paste F.Mask)
      (net 16 VBUS))
    (model ${KISYS3DMOD}/Package_TO_SOT_SMD.3dshapes/SOT-23.wrl
      (at (xyz 0 0 0))
      (scale (xyz 1 1 1))
      (rotate (xyz 0 0 0))
    )
  )

  (module Connectors:C393939 (layer F.Cu) (tedit 5F7CDAAB) (tstamp 5E8E677C)
    (at 117.79 82.27 180)
    (path /5E5B360D)
    (fp_text reference P1 (at -4.54 -1.95) (layer F.Fab)
      (effects (font (size 1 1) (thickness 0.15)))
    )
    (fp_text value USB_C_Plug_USB2.0 (at 9.7 -0.9) (layer F.Fab)
      (effects (font (size 1 1) (thickness 0.15)))
    )
    (fp_line (start -5 0) (end -5 6.75) (layer F.SilkS) (width 0.15))
    (fp_line (start 5 6.75) (end 5 0) (layer F.SilkS) (width 0.15))
    (fp_line (start -5 6.75) (end 5 6.75) (layer F.SilkS) (width 0.15))
    (pad B5 smd rect (at 1.75 -0.825 180) (size 0.3 1.65) (layers F.Cu F.Paste F.Mask)
      (net 33 "Net-(P1-PadB5)"))
    (pad B8 smd rect (at 1.25 -0.825 180) (size 0.3 1.65) (layers F.Cu F.Paste F.Mask))
    (pad A6 smd rect (at 0.75 -0.825 180) (size 0.3 1.65) (layers F.Cu F.Paste F.Mask)
      (net 42 /D+))
    (pad A7 smd rect (at 0.25 -0.825 180) (size 0.3 1.65) (layers F.Cu F.Paste F.Mask)
      (net 43 /D-))
    (pad A6 smd rect (at -0.25 -0.825 180) (size 0.3 1.65) (layers F.Cu F.Paste F.Mask)
      (net 42 /D+))
    (pad A7 smd rect (at -0.75 -0.825 180) (size 0.3 1.65) (layers F.Cu F.Paste F.Mask)
      (net 43 /D-))
    (pad A5 smd rect (at -1.25 -0.825 180) (size 0.3 1.65) (layers F.Cu F.Paste F.Mask)
      (net 32 "Net-(P1-PadA5)"))
    (pad A8 smd rect (at -1.75 -0.825 180) (size 0.3 1.65) (layers F.Cu F.Paste F.Mask))
    (pad A4 smd rect (at 2.4 -0.825 180) (size 0.6 1.65) (layers F.Cu F.Paste F.Mask)
      (net 56 "Net-(F1-Pad1)"))
    (pad A4 smd rect (at -2.4 -0.825 180) (size 0.6 1.65) (layers F.Cu F.Paste F.Mask)
      (net 56 "Net-(F1-Pad1)"))
    (pad A1 smd rect (at 3.2 -0.825 180) (size 0.6 1.65) (layers F.Cu F.Paste F.Mask)
      (net 1 GND))
    (pad A1 smd rect (at -3.2 -0.825 180) (size 0.6 1.65) (layers F.Cu F.Paste F.Mask)
      (net 1 GND))
    (pad "" thru_hole circle (at 2.89 0.5 180) (size 0.65 0.65) (drill 0.65) (layers *.Cu *.Mask)
      (clearance 0.01))
    (pad "" thru_hole circle (at -2.89 0.5 180) (size 0.65 0.65) (drill 0.65) (layers *.Cu *.Mask)
      (clearance 0.01))
    (pad A1 thru_hole oval (at 4.32 4.15 180) (size 1 1.8) (drill oval 0.6 1.4) (layers *.Cu *.Mask)
      (net 1 GND))
    (pad A1 thru_hole oval (at -4.32 4.15 180) (size 1 1.8) (drill oval 0.6 1.4) (layers *.Cu *.Mask)
      (net 1 GND))
    (pad A1 thru_hole oval (at 4.32 0 180) (size 1 2.1) (drill oval 0.6 1.7) (layers *.Cu *.Mask)
      (net 1 GND))
    (pad A1 thru_hole oval (at -4.32 0 180) (size 1 2.1) (drill oval 0.6 1.7) (layers *.Cu *.Mask)
      (net 1 GND))
    (model "${KICAD_EC}/Connectors.pretty/3D/HRO  TYPE-C-31-M-12.step"
      (offset (xyz -4.5 -6.75 0))
      (scale (xyz 1 1 1))
      (rotate (xyz -90 0 0))
    )
  )

  (module hunter-cat-nfc:NFC-antenna30.4x30.4mm (layer B.Cu) (tedit 5F4E8D2B) (tstamp 5F49F616)
    (at 138.16 92.17 180)
    (descr "4 turns, 0.4 cu width, 0.35 spacing, 1494 nH")
    (path /5E588A20)
    (attr smd)
    (fp_text reference L3 (at 12.97 -15.93) (layer B.SilkS)
      (effects (font (size 1 1) (thickness 0.15)) (justify mirror))
    )
    (fp_text value L (at 0.5 14.25) (layer B.Fab)
      (effects (font (size 1 1) (thickness 0.15)) (justify mirror))
    )
    (fp_line (start 12.75 1) (end 12.75 12.75) (layer B.Cu) (width 0.4))
    (fp_line (start -12.75 12.75) (end 12.75 12.75) (layer B.Cu) (width 0.4))
    (fp_line (start -12.75 12.75) (end -12.75 -12.75) (layer B.Cu) (width 0.4))
    (fp_line (start 12.75 -12.75) (end -12.75 -12.75) (layer B.Cu) (width 0.4))
    (fp_line (start -13.5 -1) (end -14.25 1) (layer B.Cu) (width 0.4))
    (fp_line (start -13.5 -1) (end -13.5 -13.5) (layer B.Cu) (width 0.4))
    (fp_line (start 13.5 -13.5) (end -13.5 -13.5) (layer B.Cu) (width 0.4))
    (fp_line (start 13.5 -1) (end 12.75 1) (layer F.Cu) (width 0.4))
    (fp_line (start 13.5 -13.5) (end 13.5 -1) (layer B.Cu) (width 0.4))
    (fp_line (start 12.75 -1) (end 13.5 1) (layer B.Cu) (width 0.4))
    (fp_line (start 14.25 14.25) (end 14.25 1) (layer B.Cu) (width 0.4))
    (fp_line (start -14.25 14.25) (end 14.25 14.25) (layer B.Cu) (width 0.4))
    (fp_line (start -14.25 14.25) (end -14.25 1) (layer B.Cu) (width 0.4))
    (fp_line (start 12.75 -12.75) (end 12.75 -1) (layer B.Cu) (width 0.4))
    (fp_line (start 13.5 13.5) (end 13.5 1) (layer B.Cu) (width 0.4))
    (fp_line (start 13.5 13.5) (end -13.5 13.5) (layer B.Cu) (width 0.4))
    (fp_line (start -13.5 1) (end -14.25 -1) (layer F.Cu) (width 0.4))
    (fp_line (start -13.5 1) (end -13.5 13.5) (layer B.Cu) (width 0.4))
    (fp_line (start -14.25 -1) (end -14.25 -14.25) (layer B.Cu) (width 0.4))
    (fp_line (start -15 -3) (end -15 -15) (layer B.Cu) (width 0.4))
    (fp_line (start 14.25 -14.25) (end -14.25 -14.25) (layer B.Cu) (width 0.4))
    (fp_line (start 15 -1) (end 14.25 1) (layer F.Cu) (width 0.4))
    (fp_line (start 14.25 -1) (end 15 1) (layer B.Cu) (width 0.4))
    (fp_line (start 15 1) (end 15 15) (layer B.Cu) (width 0.4))
    (fp_line (start 15 -15) (end 15 -1) (layer B.Cu) (width 0.4))
    (fp_line (start 15 -15) (end -15 -15) (layer B.Cu) (width 0.4))
    (fp_line (start 14.25 -14.25) (end 14.25 -1) (layer B.Cu) (width 0.4))
    (fp_line (start 15 15) (end -15 15) (layer B.Cu) (width 0.4))
    (fp_line (start -15 3) (end -15 15) (layer B.Cu) (width 0.4))
    (pad 2 smd rect (at -15.8 -3 180) (size 1.5 0.4) (layers B.Cu)
      (net 29 "Net-(L3-Pad2)"))
    (pad 1 smd rect (at -15.8 3 180) (size 1.5 0.4) (layers B.Cu)
      (net 28 "Net-(L3-Pad1)") (zone_connect 2))
    (pad "" thru_hole circle (at 12.75 1 180) (size 0.6 0.6) (drill 0.3) (layers *.Cu *.Mask))
    (pad "" thru_hole circle (at 13.5 -1 180) (size 0.6 0.6) (drill 0.3) (layers *.Cu *.Mask))
    (pad "" thru_hole circle (at -13.5 1 180) (size 0.6 0.6) (drill 0.3) (layers *.Cu *.Mask))
    (pad "" thru_hole circle (at -14.25 -1 180) (size 0.6 0.6) (drill 0.3) (layers *.Cu *.Mask))
    (pad "" thru_hole circle (at 14.25 1 180) (size 0.6 0.6) (drill 0.3) (layers *.Cu *.Mask))
    (pad "" thru_hole circle (at 15 -1 180) (size 0.6 0.6) (drill 0.3) (layers *.Cu *.Mask))
  )

  (module Connector:Tag-Connect_TC2030-IDC-NL_2x03_P1.27mm_Vertical (layer F.Cu) (tedit 5A29CEA9) (tstamp 5F258E9E)
    (at 116.3 105.09)
    (descr "Tag-Connect programming header; http://www.tag-connect.com/Materials/TC2030-IDC-NL.pdf")
    (tags "tag connect programming header pogo pins")
    (path /5F23968B)
    (attr virtual)
    (fp_text reference J2 (at -3.05 2.99) (layer F.SilkS)
      (effects (font (size 0.8 0.8) (thickness 0.12)))
    )
    (fp_text value Conn_01x06_Female (at 0 -2.3) (layer F.Fab)
      (effects (font (size 1 1) (thickness 0.15)))
    )
    (fp_line (start 0.635 0.635) (end 1.27 0) (layer Dwgs.User) (width 0.1))
    (fp_line (start 0 0.635) (end 1.27 -0.635) (layer Dwgs.User) (width 0.1))
    (fp_line (start -0.635 0.635) (end 0.635 -0.635) (layer Dwgs.User) (width 0.1))
    (fp_line (start -1.27 0) (end -0.635 -0.635) (layer Dwgs.User) (width 0.1))
    (fp_line (start -1.27 0.635) (end 0 -0.635) (layer Dwgs.User) (width 0.1))
    (fp_line (start -1.27 -0.635) (end 1.27 -0.635) (layer Dwgs.User) (width 0.1))
    (fp_line (start 1.27 -0.635) (end 1.27 0.635) (layer Dwgs.User) (width 0.1))
    (fp_line (start 1.27 0.635) (end -1.27 0.635) (layer Dwgs.User) (width 0.1))
    (fp_line (start -1.27 0.635) (end -1.27 -0.635) (layer Dwgs.User) (width 0.1))
    (fp_line (start -3.5 -2) (end 3.5 -2) (layer F.CrtYd) (width 0.05))
    (fp_line (start 3.5 -2) (end 3.5 2) (layer F.CrtYd) (width 0.05))
    (fp_line (start 3.5 2) (end -3.5 2) (layer F.CrtYd) (width 0.05))
    (fp_line (start -3.5 2) (end -3.5 -2) (layer F.CrtYd) (width 0.05))
    (fp_line (start -1.27 1.27) (end -1.905 1.27) (layer F.SilkS) (width 0.12))
    (fp_line (start -1.905 1.27) (end -1.905 0.635) (layer F.SilkS) (width 0.12))
    (fp_text user %R (at 0 0) (layer F.Fab)
      (effects (font (size 1 1) (thickness 0.15)))
    )
    (fp_text user KEEPOUT (at 0 0) (layer Cmts.User)
      (effects (font (size 0.4 0.4) (thickness 0.07)))
    )
    (pad "" np_thru_hole circle (at 2.54 -1.016) (size 0.9906 0.9906) (drill 0.9906) (layers *.Cu *.Mask))
    (pad "" np_thru_hole circle (at 2.54 1.016) (size 0.9906 0.9906) (drill 0.9906) (layers *.Cu *.Mask))
    (pad "" np_thru_hole circle (at -2.54 0) (size 0.9906 0.9906) (drill 0.9906) (layers *.Cu *.Mask))
    (pad 1 connect circle (at -1.27 0.635) (size 0.7874 0.7874) (layers F.Cu F.Mask)
      (net 2 +3V3))
    (pad 2 connect circle (at -1.27 -0.635) (size 0.7874 0.7874) (layers F.Cu F.Mask)
      (net 39 /SWDIO))
    (pad 3 connect circle (at 0 0.635) (size 0.7874 0.7874) (layers F.Cu F.Mask)
      (net 59 /RST))
    (pad 4 connect circle (at 0 -0.635) (size 0.7874 0.7874) (layers F.Cu F.Mask)
      (net 40 /SWCLK))
    (pad 5 connect circle (at 1.27 0.635) (size 0.7874 0.7874) (layers F.Cu F.Mask)
      (net 1 GND))
    (pad 6 connect circle (at 1.27 -0.635) (size 0.7874 0.7874) (layers F.Cu F.Mask)
      (net 60 "Net-(J2-Pad6)"))
  )

  (module Package_DFN_QFN:QFN-32-1EP_5x5mm_P0.5mm_EP3.6x3.6mm (layer F.Cu) (tedit 5F4DF688) (tstamp 5F482831)
    (at 116.190152 93.015025 45)
    (descr "QFN, 32 Pin (http://infocenter.nordicsemi.com/pdf/nRF52810_PS_v1.1.pdf#page=468), generated with kicad-footprint-generator ipc_noLead_generator.py")
    (tags "QFN NoLead")
    (path /5E4D816D)
    (attr smd)
    (fp_text reference U1 (at 1.297451 -3.984672 180) (layer F.SilkS)
      (effects (font (size 0.8 0.8) (thickness 0.12)))
    )
    (fp_text value ATSAMD21E18A (at 0 3.8 45) (layer F.Fab)
      (effects (font (size 1 1) (thickness 0.15)))
    )
    (fp_line (start 2.135 -2.61) (end 2.61 -2.61) (layer F.SilkS) (width 0.12))
    (fp_line (start 2.61 -2.61) (end 2.61 -2.135) (layer F.SilkS) (width 0.12))
    (fp_line (start -2.135 2.61) (end -2.61 2.61) (layer F.SilkS) (width 0.12))
    (fp_line (start -2.61 2.61) (end -2.61 2.135) (layer F.SilkS) (width 0.12))
    (fp_line (start 2.135 2.61) (end 2.61 2.61) (layer F.SilkS) (width 0.12))
    (fp_line (start 2.61 2.61) (end 2.61 2.135) (layer F.SilkS) (width 0.12))
    (fp_line (start -2.135 -2.61) (end -2.61 -2.61) (layer F.SilkS) (width 0.12))
    (fp_line (start -1.5 -2.5) (end 2.5 -2.5) (layer F.Fab) (width 0.1))
    (fp_line (start 2.5 -2.5) (end 2.5 2.5) (layer F.Fab) (width 0.1))
    (fp_line (start 2.5 2.5) (end -2.5 2.5) (layer F.Fab) (width 0.1))
    (fp_line (start -2.5 2.5) (end -2.5 -1.5) (layer F.Fab) (width 0.1))
    (fp_line (start -2.5 -1.5) (end -1.5 -2.5) (layer F.Fab) (width 0.1))
    (fp_line (start -3.1 -3.1) (end -3.1 3.1) (layer F.CrtYd) (width 0.05))
    (fp_line (start -3.1 3.1) (end 3.1 3.1) (layer F.CrtYd) (width 0.05))
    (fp_line (start 3.1 3.1) (end 3.1 -3.1) (layer F.CrtYd) (width 0.05))
    (fp_line (start 3.1 -3.1) (end -3.1 -3.1) (layer F.CrtYd) (width 0.05))
    (fp_text user %R (at 0 0 45) (layer F.Fab)
      (effects (font (size 1 1) (thickness 0.15)))
    )
    (pad "" smd roundrect (at 1.2 1.2 45) (size 0.97 0.97) (layers F.Paste) (roundrect_rratio 0.25))
    (pad "" smd roundrect (at 1.2 0 45) (size 0.97 0.97) (layers F.Paste) (roundrect_rratio 0.25))
    (pad "" smd roundrect (at 1.2 -1.2 45) (size 0.97 0.97) (layers F.Paste) (roundrect_rratio 0.25))
    (pad "" smd roundrect (at 0 1.2 45) (size 0.97 0.97) (layers F.Paste) (roundrect_rratio 0.25))
    (pad "" smd roundrect (at 0 0 45) (size 0.97 0.97) (layers F.Paste) (roundrect_rratio 0.25))
    (pad "" smd roundrect (at 0 -1.2 45) (size 0.97 0.97) (layers F.Paste) (roundrect_rratio 0.25))
    (pad "" smd roundrect (at -1.2 1.2 45) (size 0.97 0.97) (layers F.Paste) (roundrect_rratio 0.25))
    (pad "" smd roundrect (at -1.2 0 45) (size 0.97 0.97) (layers F.Paste) (roundrect_rratio 0.25))
    (pad "" smd roundrect (at -1.2 -1.2 45) (size 0.97 0.97) (layers F.Paste) (roundrect_rratio 0.25))
    (pad 28 smd rect (at 0 0 45) (size 3.6 3.6) (layers F.Cu F.Mask)
      (net 1 GND))
    (pad 32 smd roundrect (at -1.75 -2.45 45) (size 0.25 0.8) (layers F.Cu F.Paste F.Mask) (roundrect_rratio 0.25)
      (net 39 /SWDIO))
    (pad 31 smd roundrect (at -1.25 -2.45 45) (size 0.25 0.8) (layers F.Cu F.Paste F.Mask) (roundrect_rratio 0.25)
      (net 40 /SWCLK))
    (pad 30 smd roundrect (at -0.75 -2.45 45) (size 0.25 0.8) (layers F.Cu F.Paste F.Mask) (roundrect_rratio 0.25)
      (net 2 +3V3))
    (pad 29 smd roundrect (at -0.25 -2.45 45) (size 0.25 0.8) (layers F.Cu F.Paste F.Mask) (roundrect_rratio 0.25)
      (net 3 "Net-(C2-Pad1)"))
    (pad 28 smd roundrect (at 0.25 -2.45 45) (size 0.25 0.8) (layers F.Cu F.Paste F.Mask) (roundrect_rratio 0.25)
      (net 1 GND))
    (pad 27 smd roundrect (at 0.75 -2.45 45) (size 0.25 0.8) (layers F.Cu F.Paste F.Mask) (roundrect_rratio 0.25)
      (net 41 "Net-(U1-Pad27)"))
    (pad 26 smd roundrect (at 1.25 -2.45 45) (size 0.25 0.8) (layers F.Cu F.Paste F.Mask) (roundrect_rratio 0.25)
      (net 59 /RST))
    (pad 25 smd roundrect (at 1.75 -2.45 45) (size 0.25 0.8) (layers F.Cu F.Paste F.Mask) (roundrect_rratio 0.25)
      (net 57 /GPIO))
    (pad 24 smd roundrect (at 2.45 -1.75 45) (size 0.8 0.25) (layers F.Cu F.Paste F.Mask) (roundrect_rratio 0.25)
      (net 42 /D+))
    (pad 23 smd roundrect (at 2.45 -1.25 45) (size 0.8 0.25) (layers F.Cu F.Paste F.Mask) (roundrect_rratio 0.25)
      (net 43 /D-))
    (pad 22 smd roundrect (at 2.45 -0.75 45) (size 0.8 0.25) (layers F.Cu F.Paste F.Mask) (roundrect_rratio 0.25)
      (net 44 "Net-(U1-Pad22)"))
    (pad 21 smd roundrect (at 2.45 -0.25 45) (size 0.8 0.25) (layers F.Cu F.Paste F.Mask) (roundrect_rratio 0.25)
      (net 45 /MISO))
    (pad 20 smd roundrect (at 2.45 0.25 45) (size 0.8 0.25) (layers F.Cu F.Paste F.Mask) (roundrect_rratio 0.25)
      (net 46 /SCK))
    (pad 19 smd roundrect (at 2.45 0.75 45) (size 0.8 0.25) (layers F.Cu F.Paste F.Mask) (roundrect_rratio 0.25)
      (net 47 /MOSI))
    (pad 18 smd roundrect (at 2.45 1.25 45) (size 0.8 0.25) (layers F.Cu F.Paste F.Mask) (roundrect_rratio 0.25)
      (net 38 /CS))
    (pad 17 smd roundrect (at 2.45 1.75 45) (size 0.8 0.25) (layers F.Cu F.Paste F.Mask) (roundrect_rratio 0.25)
      (net 48 /CLK))
    (pad 16 smd roundrect (at 1.75 2.45 45) (size 0.25 0.8) (layers F.Cu F.Paste F.Mask) (roundrect_rratio 0.25)
      (net 49 /IRQ))
    (pad 15 smd roundrect (at 1.25 2.45 45) (size 0.25 0.8) (layers F.Cu F.Paste F.Mask) (roundrect_rratio 0.25)
      (net 53 /VEN))
    (pad 14 smd roundrect (at 0.75 2.45 45) (size 0.25 0.8) (layers F.Cu F.Paste F.Mask) (roundrect_rratio 0.25)
      (net 62 /GPIO1))
    (pad 13 smd roundrect (at 0.25 2.45 45) (size 0.25 0.8) (layers F.Cu F.Paste F.Mask) (roundrect_rratio 0.25)
      (net 63 /GPIO2))
    (pad 12 smd roundrect (at -0.25 2.45 45) (size 0.25 0.8) (layers F.Cu F.Paste F.Mask) (roundrect_rratio 0.25)
      (net 31 /SCL))
    (pad 11 smd roundrect (at -0.75 2.45 45) (size 0.25 0.8) (layers F.Cu F.Paste F.Mask) (roundrect_rratio 0.25)
      (net 30 /SDA))
    (pad 10 smd roundrect (at -1.25 2.45 45) (size 0.25 0.8) (layers F.Cu F.Paste F.Mask) (roundrect_rratio 0.25)
      (net 1 GND))
    (pad 9 smd roundrect (at -1.75 2.45 45) (size 0.25 0.8) (layers F.Cu F.Paste F.Mask) (roundrect_rratio 0.25)
      (net 2 +3V3))
    (pad 8 smd roundrect (at -2.45 1.75 45) (size 0.8 0.25) (layers F.Cu F.Paste F.Mask) (roundrect_rratio 0.25)
      (net 50 "Net-(U1-Pad8)"))
    (pad 7 smd roundrect (at -2.45 1.25 45) (size 0.8 0.25) (layers F.Cu F.Paste F.Mask) (roundrect_rratio 0.25)
      (net 51 "Net-(U1-Pad7)"))
    (pad 6 smd roundrect (at -2.45 0.75 45) (size 0.8 0.25) (layers F.Cu F.Paste F.Mask) (roundrect_rratio 0.25)
      (net 52 "Net-(U1-Pad6)"))
    (pad 5 smd roundrect (at -2.45 0.25 45) (size 0.8 0.25) (layers F.Cu F.Paste F.Mask) (roundrect_rratio 0.25)
      (net 64 "Net-(U1-Pad5)"))
    (pad 4 smd roundrect (at -2.45 -0.25 45) (size 0.8 0.25) (layers F.Cu F.Paste F.Mask) (roundrect_rratio 0.25)
      (net 37 /B_ADC))
    (pad 3 smd roundrect (at -2.45 -0.75 45) (size 0.8 0.25) (layers F.Cu F.Paste F.Mask) (roundrect_rratio 0.25)
      (net 22 /LED3))
    (pad 2 smd roundrect (at -2.45 -1.25 45) (size 0.8 0.25) (layers F.Cu F.Paste F.Mask) (roundrect_rratio 0.25)
      (net 20 /LED2))
    (pad 1 smd roundrect (at -2.45 -1.75 45) (size 0.8 0.25) (layers F.Cu F.Paste F.Mask) (roundrect_rratio 0.25)
      (net 17 /LED1))
    (model ${KISYS3DMOD}/Package_DFN_QFN.3dshapes/QFN-32-1EP_5x5mm_P0.5mm_EP3.6x3.6mm.wrl
      (at (xyz 0 0 0))
      (scale (xyz 1 1 1))
      (rotate (xyz 0 0 0))
    )
  )

  (module Capacitor_SMD:C_0603_1608Metric_Pad1.05x0.95mm_HandSolder (layer F.Cu) (tedit 5B301BBE) (tstamp 5F4DD907)
    (at 143.28 99.95)
    (descr "Capacitor SMD 0603 (1608 Metric), square (rectangular) end terminal, IPC_7351 nominal with elongated pad for handsoldering. (Body size source: http://www.tortai-tech.com/upload/download/2011102023233369053.pdf), generated with kicad-footprint-generator")
    (tags "capacitor handsolder")
    (path /5E4376B4)
    (attr smd)
    (fp_text reference C6 (at 0.36 -1.19) (layer F.SilkS)
      (effects (font (size 0.8 0.8) (thickness 0.12)))
    )
    (fp_text value 1uF (at 0 1.43) (layer F.Fab)
      (effects (font (size 1 1) (thickness 0.15)))
    )
    (fp_line (start -0.8 0.4) (end -0.8 -0.4) (layer F.Fab) (width 0.1))
    (fp_line (start -0.8 -0.4) (end 0.8 -0.4) (layer F.Fab) (width 0.1))
    (fp_line (start 0.8 -0.4) (end 0.8 0.4) (layer F.Fab) (width 0.1))
    (fp_line (start 0.8 0.4) (end -0.8 0.4) (layer F.Fab) (width 0.1))
    (fp_line (start -0.171267 -0.51) (end 0.171267 -0.51) (layer F.SilkS) (width 0.12))
    (fp_line (start -0.171267 0.51) (end 0.171267 0.51) (layer F.SilkS) (width 0.12))
    (fp_line (start -1.65 0.73) (end -1.65 -0.73) (layer F.CrtYd) (width 0.05))
    (fp_line (start -1.65 -0.73) (end 1.65 -0.73) (layer F.CrtYd) (width 0.05))
    (fp_line (start 1.65 -0.73) (end 1.65 0.73) (layer F.CrtYd) (width 0.05))
    (fp_line (start 1.65 0.73) (end -1.65 0.73) (layer F.CrtYd) (width 0.05))
    (fp_text user %R (at 0 0) (layer F.Fab)
      (effects (font (size 0.4 0.4) (thickness 0.06)))
    )
    (pad 2 smd roundrect (at 0.875 0) (size 1.05 0.95) (layers F.Cu F.Paste F.Mask) (roundrect_rratio 0.25)
      (net 1 GND))
    (pad 1 smd roundrect (at -0.875 0) (size 1.05 0.95) (layers F.Cu F.Paste F.Mask) (roundrect_rratio 0.25)
      (net 2 +3V3))
    (model ${KISYS3DMOD}/Capacitor_SMD.3dshapes/C_0603_1608Metric.wrl
      (at (xyz 0 0 0))
      (scale (xyz 1 1 1))
      (rotate (xyz 0 0 0))
    )
  )

  (module Inductor_SMD:L_0603_1608Metric_Pad1.05x0.95mm_HandSolder (layer F.Cu) (tedit 5B301BBE) (tstamp 5F3AF5EB)
    (at 141.75 92.75 180)
    (descr "Capacitor SMD 0603 (1608 Metric), square (rectangular) end terminal, IPC_7351 nominal with elongated pad for handsoldering. (Body size source: http://www.tortai-tech.com/upload/download/2011102023233369053.pdf), generated with kicad-footprint-generator")
    (tags "inductor handsolder")
    (path /5E466375)
    (attr smd)
    (fp_text reference L2 (at 2.45 -0.04) (layer F.SilkS)
      (effects (font (size 0.8 0.8) (thickness 0.12)))
    )
    (fp_text value 160nH (at 0 1.43) (layer F.Fab)
      (effects (font (size 1 1) (thickness 0.15)))
    )
    (fp_line (start -0.8 0.4) (end -0.8 -0.4) (layer F.Fab) (width 0.1))
    (fp_line (start -0.8 -0.4) (end 0.8 -0.4) (layer F.Fab) (width 0.1))
    (fp_line (start 0.8 -0.4) (end 0.8 0.4) (layer F.Fab) (width 0.1))
    (fp_line (start 0.8 0.4) (end -0.8 0.4) (layer F.Fab) (width 0.1))
    (fp_line (start -0.171267 -0.51) (end 0.171267 -0.51) (layer F.SilkS) (width 0.12))
    (fp_line (start -0.171267 0.51) (end 0.171267 0.51) (layer F.SilkS) (width 0.12))
    (fp_line (start -1.65 0.73) (end -1.65 -0.73) (layer F.CrtYd) (width 0.05))
    (fp_line (start -1.65 -0.73) (end 1.65 -0.73) (layer F.CrtYd) (width 0.05))
    (fp_line (start 1.65 -0.73) (end 1.65 0.73) (layer F.CrtYd) (width 0.05))
    (fp_line (start 1.65 0.73) (end -1.65 0.73) (layer F.CrtYd) (width 0.05))
    (fp_text user %R (at 0 0) (layer F.Fab)
      (effects (font (size 0.4 0.4) (thickness 0.06)))
    )
    (pad 2 smd roundrect (at 0.875 0 180) (size 1.05 0.95) (layers F.Cu F.Paste F.Mask) (roundrect_rratio 0.25)
      (net 27 /TX2))
    (pad 1 smd roundrect (at -0.875 0 180) (size 1.05 0.95) (layers F.Cu F.Paste F.Mask) (roundrect_rratio 0.25)
      (net 14 "Net-(C13-Pad2)"))
    (model ${KISYS3DMOD}/Inductor_SMD.3dshapes/L_0603_1608Metric.wrl
      (at (xyz 0 0 0))
      (scale (xyz 1 1 1))
      (rotate (xyz 0 0 0))
    )
  )

  (module Inductor_SMD:L_0603_1608Metric_Pad1.05x0.95mm_HandSolder (layer F.Cu) (tedit 5B301BBE) (tstamp 5F25AE57)
    (at 141.745 91.28)
    (descr "Capacitor SMD 0603 (1608 Metric), square (rectangular) end terminal, IPC_7351 nominal with elongated pad for handsoldering. (Body size source: http://www.tortai-tech.com/upload/download/2011102023233369053.pdf), generated with kicad-footprint-generator")
    (tags "inductor handsolder")
    (path /5E466AEC)
    (attr smd)
    (fp_text reference L1 (at -2.475 -0.03 180) (layer F.SilkS)
      (effects (font (size 0.8 0.8) (thickness 0.12)))
    )
    (fp_text value 160nH (at 0 1.43) (layer F.Fab)
      (effects (font (size 1 1) (thickness 0.15)))
    )
    (fp_line (start 1.65 0.73) (end -1.65 0.73) (layer F.CrtYd) (width 0.05))
    (fp_line (start 1.65 -0.73) (end 1.65 0.73) (layer F.CrtYd) (width 0.05))
    (fp_line (start -1.65 -0.73) (end 1.65 -0.73) (layer F.CrtYd) (width 0.05))
    (fp_line (start -1.65 0.73) (end -1.65 -0.73) (layer F.CrtYd) (width 0.05))
    (fp_line (start -0.171267 0.51) (end 0.171267 0.51) (layer F.SilkS) (width 0.12))
    (fp_line (start -0.171267 -0.51) (end 0.171267 -0.51) (layer F.SilkS) (width 0.12))
    (fp_line (start 0.8 0.4) (end -0.8 0.4) (layer F.Fab) (width 0.1))
    (fp_line (start 0.8 -0.4) (end 0.8 0.4) (layer F.Fab) (width 0.1))
    (fp_line (start -0.8 -0.4) (end 0.8 -0.4) (layer F.Fab) (width 0.1))
    (fp_line (start -0.8 0.4) (end -0.8 -0.4) (layer F.Fab) (width 0.1))
    (fp_text user %R (at 0 0) (layer F.Fab)
      (effects (font (size 0.4 0.4) (thickness 0.06)))
    )
    (pad 1 smd roundrect (at -0.875 0) (size 1.05 0.95) (layers F.Cu F.Paste F.Mask) (roundrect_rratio 0.25)
      (net 26 /TX1))
    (pad 2 smd roundrect (at 0.875 0) (size 1.05 0.95) (layers F.Cu F.Paste F.Mask) (roundrect_rratio 0.25)
      (net 13 "Net-(C12-Pad1)"))
    (model ${KISYS3DMOD}/Inductor_SMD.3dshapes/L_0603_1608Metric.wrl
      (at (xyz 0 0 0))
      (scale (xyz 1 1 1))
      (rotate (xyz 0 0 0))
    )
  )

  (module Capacitor_SMD:C_0603_1608Metric_Pad1.05x0.95mm_HandSolder (layer F.Cu) (tedit 5B301BBE) (tstamp 5F3ABC17)
    (at 144.13 93.67 90)
    (descr "Capacitor SMD 0603 (1608 Metric), square (rectangular) end terminal, IPC_7351 nominal with elongated pad for handsoldering. (Body size source: http://www.tortai-tech.com/upload/download/2011102023233369053.pdf), generated with kicad-footprint-generator")
    (tags "capacitor handsolder")
    (path /5E464863)
    (attr smd)
    (fp_text reference C13 (at -3.17 -0.05 90) (layer F.SilkS)
      (effects (font (size 0.8 0.8) (thickness 0.12)))
    )
    (fp_text value 680pF (at 0 1.43 90) (layer F.Fab)
      (effects (font (size 1 1) (thickness 0.15)))
    )
    (fp_line (start -0.8 0.4) (end -0.8 -0.4) (layer F.Fab) (width 0.1))
    (fp_line (start -0.8 -0.4) (end 0.8 -0.4) (layer F.Fab) (width 0.1))
    (fp_line (start 0.8 -0.4) (end 0.8 0.4) (layer F.Fab) (width 0.1))
    (fp_line (start 0.8 0.4) (end -0.8 0.4) (layer F.Fab) (width 0.1))
    (fp_line (start -0.171267 -0.51) (end 0.171267 -0.51) (layer F.SilkS) (width 0.12))
    (fp_line (start -0.171267 0.51) (end 0.171267 0.51) (layer F.SilkS) (width 0.12))
    (fp_line (start -1.65 0.73) (end -1.65 -0.73) (layer F.CrtYd) (width 0.05))
    (fp_line (start -1.65 -0.73) (end 1.65 -0.73) (layer F.CrtYd) (width 0.05))
    (fp_line (start 1.65 -0.73) (end 1.65 0.73) (layer F.CrtYd) (width 0.05))
    (fp_line (start 1.65 0.73) (end -1.65 0.73) (layer F.CrtYd) (width 0.05))
    (fp_text user %R (at 0 0 90) (layer F.Fab)
      (effects (font (size 0.4 0.4) (thickness 0.06)))
    )
    (pad 2 smd roundrect (at 0.875 0 90) (size 1.05 0.95) (layers F.Cu F.Paste F.Mask) (roundrect_rratio 0.25)
      (net 14 "Net-(C13-Pad2)"))
    (pad 1 smd roundrect (at -0.875 0 90) (size 1.05 0.95) (layers F.Cu F.Paste F.Mask) (roundrect_rratio 0.25)
      (net 1 GND))
    (model ${KISYS3DMOD}/Capacitor_SMD.3dshapes/C_0603_1608Metric.wrl
      (at (xyz 0 0 0))
      (scale (xyz 1 1 1))
      (rotate (xyz 0 0 0))
    )
  )

  (module Resistor_SMD:R_0603_1608Metric_Pad1.05x0.95mm_HandSolder (layer F.Cu) (tedit 5B301BBD) (tstamp 5F25878C)
    (at 145.6 90.35 270)
    (descr "Resistor SMD 0603 (1608 Metric), square (rectangular) end terminal, IPC_7351 nominal with elongated pad for handsoldering. (Body size source: http://www.tortai-tech.com/upload/download/2011102023233369053.pdf), generated with kicad-footprint-generator")
    (tags "resistor handsolder")
    (path /5E4671EC)
    (attr smd)
    (fp_text reference R11 (at -3.01 -0.27 90) (layer F.SilkS)
      (effects (font (size 0.8 0.8) (thickness 0.12)))
    )
    (fp_text value 2k2 (at 0 1.43 90) (layer F.Fab)
      (effects (font (size 1 1) (thickness 0.15)))
    )
    (fp_line (start 1.65 0.73) (end -1.65 0.73) (layer F.CrtYd) (width 0.05))
    (fp_line (start 1.65 -0.73) (end 1.65 0.73) (layer F.CrtYd) (width 0.05))
    (fp_line (start -1.65 -0.73) (end 1.65 -0.73) (layer F.CrtYd) (width 0.05))
    (fp_line (start -1.65 0.73) (end -1.65 -0.73) (layer F.CrtYd) (width 0.05))
    (fp_line (start -0.171267 0.51) (end 0.171267 0.51) (layer F.SilkS) (width 0.12))
    (fp_line (start -0.171267 -0.51) (end 0.171267 -0.51) (layer F.SilkS) (width 0.12))
    (fp_line (start 0.8 0.4) (end -0.8 0.4) (layer F.Fab) (width 0.1))
    (fp_line (start 0.8 -0.4) (end 0.8 0.4) (layer F.Fab) (width 0.1))
    (fp_line (start -0.8 -0.4) (end 0.8 -0.4) (layer F.Fab) (width 0.1))
    (fp_line (start -0.8 0.4) (end -0.8 -0.4) (layer F.Fab) (width 0.1))
    (fp_text user %R (at 0 0 90) (layer F.Fab)
      (effects (font (size 0.4 0.4) (thickness 0.06)))
    )
    (pad 1 smd roundrect (at -0.875 0 270) (size 1.05 0.95) (layers F.Cu F.Paste F.Mask) (roundrect_rratio 0.25)
      (net 10 "Net-(C10-Pad1)"))
    (pad 2 smd roundrect (at 0.875 0 270) (size 1.05 0.95) (layers F.Cu F.Paste F.Mask) (roundrect_rratio 0.25)
      (net 13 "Net-(C12-Pad1)"))
    (model ${KISYS3DMOD}/Resistor_SMD.3dshapes/R_0603_1608Metric.wrl
      (at (xyz 0 0 0))
      (scale (xyz 1 1 1))
      (rotate (xyz 0 0 0))
    )
  )

  (module Capacitor_SMD:C_0603_1608Metric_Pad1.05x0.95mm_HandSolder (layer F.Cu) (tedit 5B301BBE) (tstamp 5F3AC159)
    (at 141.74 94.21)
    (descr "Capacitor SMD 0603 (1608 Metric), square (rectangular) end terminal, IPC_7351 nominal with elongated pad for handsoldering. (Body size source: http://www.tortai-tech.com/upload/download/2011102023233369053.pdf), generated with kicad-footprint-generator")
    (tags "capacitor handsolder")
    (path /5E437B68)
    (attr smd)
    (fp_text reference C7 (at -2.65 0.075) (layer F.SilkS)
      (effects (font (size 0.8 0.8) (thickness 0.12)))
    )
    (fp_text value 100nF (at 0 1.43) (layer F.Fab)
      (effects (font (size 1 1) (thickness 0.15)))
    )
    (fp_line (start 1.65 0.73) (end -1.65 0.73) (layer F.CrtYd) (width 0.05))
    (fp_line (start 1.65 -0.73) (end 1.65 0.73) (layer F.CrtYd) (width 0.05))
    (fp_line (start -1.65 -0.73) (end 1.65 -0.73) (layer F.CrtYd) (width 0.05))
    (fp_line (start -1.65 0.73) (end -1.65 -0.73) (layer F.CrtYd) (width 0.05))
    (fp_line (start -0.171267 0.51) (end 0.171267 0.51) (layer F.SilkS) (width 0.12))
    (fp_line (start -0.171267 -0.51) (end 0.171267 -0.51) (layer F.SilkS) (width 0.12))
    (fp_line (start 0.8 0.4) (end -0.8 0.4) (layer F.Fab) (width 0.1))
    (fp_line (start 0.8 -0.4) (end 0.8 0.4) (layer F.Fab) (width 0.1))
    (fp_line (start -0.8 -0.4) (end 0.8 -0.4) (layer F.Fab) (width 0.1))
    (fp_line (start -0.8 0.4) (end -0.8 -0.4) (layer F.Fab) (width 0.1))
    (fp_text user %R (at 0 0) (layer F.Fab)
      (effects (font (size 0.4 0.4) (thickness 0.06)))
    )
    (pad 1 smd roundrect (at -0.875 0) (size 1.05 0.95) (layers F.Cu F.Paste F.Mask) (roundrect_rratio 0.25)
      (net 6 "Net-(C7-Pad1)"))
    (pad 2 smd roundrect (at 0.875 0) (size 1.05 0.95) (layers F.Cu F.Paste F.Mask) (roundrect_rratio 0.25)
      (net 1 GND))
    (model ${KISYS3DMOD}/Capacitor_SMD.3dshapes/C_0603_1608Metric.wrl
      (at (xyz 0 0 0))
      (scale (xyz 1 1 1))
      (rotate (xyz 0 0 0))
    )
  )

  (module Capacitor_SMD:C_0603_1608Metric_Pad1.05x0.95mm_HandSolder (layer F.Cu) (tedit 5B301BBE) (tstamp 5F3AFB9C)
    (at 141.75 89.6 180)
    (descr "Capacitor SMD 0603 (1608 Metric), square (rectangular) end terminal, IPC_7351 nominal with elongated pad for handsoldering. (Body size source: http://www.tortai-tech.com/upload/download/2011102023233369053.pdf), generated with kicad-footprint-generator")
    (tags "capacitor handsolder")
    (path /5E4626C2)
    (attr smd)
    (fp_text reference C10 (at 3.07 -0.01) (layer F.SilkS)
      (effects (font (size 0.8 0.8) (thickness 0.12)))
    )
    (fp_text value 1nF/16V (at 0 1.43) (layer F.Fab)
      (effects (font (size 1 1) (thickness 0.15)))
    )
    (fp_line (start 1.65 0.73) (end -1.65 0.73) (layer F.CrtYd) (width 0.05))
    (fp_line (start 1.65 -0.73) (end 1.65 0.73) (layer F.CrtYd) (width 0.05))
    (fp_line (start -1.65 -0.73) (end 1.65 -0.73) (layer F.CrtYd) (width 0.05))
    (fp_line (start -1.65 0.73) (end -1.65 -0.73) (layer F.CrtYd) (width 0.05))
    (fp_line (start -0.171267 0.51) (end 0.171267 0.51) (layer F.SilkS) (width 0.12))
    (fp_line (start -0.171267 -0.51) (end 0.171267 -0.51) (layer F.SilkS) (width 0.12))
    (fp_line (start 0.8 0.4) (end -0.8 0.4) (layer F.Fab) (width 0.1))
    (fp_line (start 0.8 -0.4) (end 0.8 0.4) (layer F.Fab) (width 0.1))
    (fp_line (start -0.8 -0.4) (end 0.8 -0.4) (layer F.Fab) (width 0.1))
    (fp_line (start -0.8 0.4) (end -0.8 -0.4) (layer F.Fab) (width 0.1))
    (fp_text user %R (at 0 0) (layer F.Fab)
      (effects (font (size 0.4 0.4) (thickness 0.06)))
    )
    (pad 1 smd roundrect (at -0.875 0 180) (size 1.05 0.95) (layers F.Cu F.Paste F.Mask) (roundrect_rratio 0.25)
      (net 10 "Net-(C10-Pad1)"))
    (pad 2 smd roundrect (at 0.875 0 180) (size 1.05 0.95) (layers F.Cu F.Paste F.Mask) (roundrect_rratio 0.25)
      (net 9 /RXP))
    (model ${KISYS3DMOD}/Capacitor_SMD.3dshapes/C_0603_1608Metric.wrl
      (at (xyz 0 0 0))
      (scale (xyz 1 1 1))
      (rotate (xyz 0 0 0))
    )
  )

  (module Capacitor_SMD:C_0603_1608Metric_Pad1.05x0.95mm_HandSolder (layer F.Cu) (tedit 5B301BBE) (tstamp 5F258CF3)
    (at 141.74 95.67 180)
    (descr "Capacitor SMD 0603 (1608 Metric), square (rectangular) end terminal, IPC_7351 nominal with elongated pad for handsoldering. (Body size source: http://www.tortai-tech.com/upload/download/2011102023233369053.pdf), generated with kicad-footprint-generator")
    (tags "capacitor handsolder")
    (path /5E465D74)
    (attr smd)
    (fp_text reference C11 (at 3.05 0) (layer F.SilkS)
      (effects (font (size 0.8 0.8) (thickness 0.12)))
    )
    (fp_text value 1nF/16V (at 0 1.43) (layer F.Fab)
      (effects (font (size 1 1) (thickness 0.15)))
    )
    (fp_line (start -0.8 0.4) (end -0.8 -0.4) (layer F.Fab) (width 0.1))
    (fp_line (start -0.8 -0.4) (end 0.8 -0.4) (layer F.Fab) (width 0.1))
    (fp_line (start 0.8 -0.4) (end 0.8 0.4) (layer F.Fab) (width 0.1))
    (fp_line (start 0.8 0.4) (end -0.8 0.4) (layer F.Fab) (width 0.1))
    (fp_line (start -0.171267 -0.51) (end 0.171267 -0.51) (layer F.SilkS) (width 0.12))
    (fp_line (start -0.171267 0.51) (end 0.171267 0.51) (layer F.SilkS) (width 0.12))
    (fp_line (start -1.65 0.73) (end -1.65 -0.73) (layer F.CrtYd) (width 0.05))
    (fp_line (start -1.65 -0.73) (end 1.65 -0.73) (layer F.CrtYd) (width 0.05))
    (fp_line (start 1.65 -0.73) (end 1.65 0.73) (layer F.CrtYd) (width 0.05))
    (fp_line (start 1.65 0.73) (end -1.65 0.73) (layer F.CrtYd) (width 0.05))
    (fp_text user %R (at 0 0) (layer F.Fab)
      (effects (font (size 0.4 0.4) (thickness 0.06)))
    )
    (pad 2 smd roundrect (at 0.875 0 180) (size 1.05 0.95) (layers F.Cu F.Paste F.Mask) (roundrect_rratio 0.25)
